f, av, bv, cv, dv
1.00,1.175406e-05,5.186823e-08,-4.146202e-08,5.531196e-09
1.50,2.645736e-05,1.167400e-07,-9.332594e-08,1.246423e-08
2.00,4.706231e-05,2.076291e-07,-1.660041e-07,2.220644e-08
2.50,7.358981e-05,3.246062e-07,-2.595672e-07,3.479479e-08
3.00,1.060677e-04,4.677639e-07,-3.741083e-07,5.027821e-08
3.50,1.445313e-04,6.372198e-07,-5.097459e-07,6.871883e-08
4.00,1.890246e-04,8.331178e-07,-6.666258e-07,9.019336e-08
4.50,2.396014e-04,1.055632e-06,-8.449248e-07,1.147950e-07
5.00,2.963266e-04,1.304969e-06,-1.044855e-06,1.426360e-07
5.50,3.592784e-04,1.581375e-06,-1.266670e-06,1.738499e-07
6.00,4.285505e-04,1.885137e-06,-1.510668e-06,2.085959e-07
6.50,5.042551e-04,2.216592e-06,-1.777203e-06,2.470624e-07
7.00,5.865269e-04,2.576134e-06,-2.066693e-06,2.894730e-07
7.50,6.755272e-04,2.964222e-06,-2.379632e-06,3.360922e-07
8.00,7.714504e-04,3.381387e-06,-2.716601e-06,3.872341e-07
8.50,8.745313e-04,3.828249e-06,-3.078288e-06,4.432716e-07
9.00,9.850547e-04,4.305524e-06,-3.465507e-06,5.046487e-07
9.50,1.103368e-03,4.814040e-06,-3.879222e-06,5.718950e-07
10.00,1.229897e-03,5.354749e-06,-4.320579e-06,6.456442e-07
10.50,1.365168e-03,5.928742e-06,-4.790939e-06,7.266561e-07
11.00,1.509833e-03,6.537258e-06,-5.291920e-06,8.158447e-07
11.50,1.664713e-03,7.181684e-06,-5.825452e-06,9.143115e-07
12.00,1.830842e-03,7.863547e-06,-6.393828e-06,1.023387e-06
12.50,2.009542e-03,8.584468e-06,-6.999774e-06,1.144680e-06
13.00,2.202515e-03,9.346073e-06,-7.646509e-06,1.280135e-06
13.50,2.411986e-03,1.014982e-05,-8.337809e-06,1.432098e-06
14.00,2.640895e-03,1.099663e-05,-9.078029e-06,1.603383e-06
14.50,2.893185e-03,1.188634e-05,-9.872065e-06,1.797325e-06
15.00,3.174232e-03,1.281655e-05,-1.072515e-05,2.017794e-06
15.50,3.491503e-03,1.378071e-05,-1.164236e-05,2.269100e-06
16.00,3.855586e-03,1.476474e-05,-1.262747e-05,2.555655e-06
16.50,4.281851e-03,1.574101e-05,-1.368062e-05,2.881108e-06
17.00,4.793222e-03,1.665783e-05,-1.479376e-05,3.246377e-06
17.50,5.424951e-03,1.742113e-05,-1.594165e-05,3.645371e-06
18.00,6.233161e-03,1.786327e-05,-1.706500e-05,4.055935e-06
18.50,7.310658e-03,1.769252e-05,-1.803942e-05,4.420966e-06
19.00,8.817108e-03,1.642088e-05,-1.862193e-05,4.609816e-06
19.50,1.103722e-02,1.329417e-05,-1.836999e-05,4.342237e-06
20.00,1.448870e-02,7.345872e-06,-1.655899e-05,3.051320e-06
20.50,2.008757e-02,-2.049367e-06,-1.223516e-05,-3.080323e-07
21.00,2.921224e-02,-1.343594e-05,-4.786167e-06,-7.290530e-06
21.50,4.277407e-02,-2.082169e-05,4.456681e-06,-1.885989e-05
22.00,5.761867e-02,-1.680105e-05,8.969674e-06,-3.121901e-05
22.50,5.959846e-02,-1.829382e-05,9.603444e-06,-3.214420e-05
23.00,4.804075e-02,-2.371013e-05,4.517870e-06,-2.074003e-05
23.50,3.584211e-02,-1.607104e-05,-6.657364e-06,-8.477732e-06
24.00,2.703384e-02,-1.947991e-06,-1.727570e-05,-4.356946e-08
24.50,2.141790e-02,1.170389e-05,-2.515490e-05,4.759516e-06
25.00,1.792523e-02,2.230103e-05,-3.034066e-05,7.199212e-06
25.50,1.573062e-02,2.983833e-05,-3.358243e-05,8.299444e-06
26.00,1.432816e-02,3.507030e-05,-3.560385e-05,8.692113e-06
26.50,1.342303e-02,3.874987e-05,-3.691967e-05,8.730941e-06
27.00,1.284224e-02,4.143908e-05,-3.785472e-05,8.605575e-06
27.50,1.248142e-02,4.351587e-05,-3.860250e-05,8.415246e-06
28.00,1.227533e-02,4.522333e-05,-3.927448e-05,8.210682e-06
28.50,1.218178e-02,4.671493e-05,-3.993327e-05,8.016872e-06
29.00,1.217255e-02,4.808686e-05,-4.061304e-05,7.845236e-06
29.50,1.222824e-02,4.939930e-05,-4.133152e-05,7.700112e-06
30.00,1.233511e-02,5.068986e-05,-4.209714e-05,7.582219e-06
30.50,1.248324e-02,5.198202e-05,-4.291306e-05,7.490505e-06
31.00,1.266531e-02,5.329033e-05,-4.377957e-05,7.423130e-06
31.50,1.287579e-02,5.462368e-05,-4.469544e-05,7.377986e-06
32.00,1.311048e-02,5.598742e-05,-4.565869e-05,7.352961e-06
32.50,1.336612e-02,5.738460e-05,-4.666708e-05,7.346066e-06
33.00,1.364013e-02,5.881683e-05,-4.771830e-05,7.355491e-06
33.50,1.393049e-02,6.028479e-05,-4.881015e-05,7.379618e-06
34.00,1.423555e-02,6.178861e-05,-4.994055e-05,7.417020e-06
34.50,1.455398e-02,6.332806e-05,-5.110764e-05,7.466443e-06
35.00,1.488470e-02,6.490273e-05,-5.230972e-05,7.526790e-06
35.50,1.522681e-02,6.651206e-05,-5.354529e-05,7.597104e-06
36.00,1.557956e-02,6.815546e-05,-5.481298e-05,7.676548e-06
36.50,1.594232e-02,6.983234e-05,-5.611160e-05,7.764392e-06
37.00,1.631458e-02,7.154210e-05,-5.744010e-05,7.859997e-06
37.50,1.669588e-02,7.328417e-05,-5.879753e-05,7.962803e-06
38.00,1.708585e-02,7.505800e-05,-6.018306e-05,8.072318e-06
38.50,1.748415e-02,7.686310e-05,-6.159594e-05,8.188109e-06
39.00,1.789051e-02,7.869901e-05,-6.303552e-05,8.309794e-06
39.50,1.830468e-02,8.056528e-05,-6.450121e-05,8.437036e-06
40.00,1.872646e-02,8.246154e-05,-6.599250e-05,8.569536e-06
40.50,1.915566e-02,8.438741e-05,-6.750891e-05,8.707029e-06
41.00,1.959211e-02,8.634258e-05,-6.905004e-05,8.849279e-06
41.50,2.003569e-02,8.832675e-05,-7.061550e-05,8.996075e-06
42.00,2.048625e-02,9.033964e-05,-7.220496e-05,9.147228e-06
42.50,2.094370e-02,9.238100e-05,-7.381813e-05,9.302572e-06
43.00,2.140792e-02,9.445062e-05,-7.545472e-05,9.461954e-06
43.50,2.187885e-02,9.654830e-05,-7.711450e-05,9.625238e-06
44.00,2.235639e-02,9.867384e-05,-7.879724e-05,9.792302e-06
44.50,2.284048e-02,1.008271e-04,-8.050274e-05,9.963037e-06
45.00,2.333105e-02,1.030079e-04,-8.223082e-05,1.013734e-05
45.50,2.382805e-02,1.052161e-04,-8.398130e-05,1.031513e-05
46.00,2.433143e-02,1.074516e-04,-8.575402e-05,1.049631e-05
46.50,2.484113e-02,1.097143e-04,-8.754886e-05,1.068082e-05
47.00,2.535712e-02,1.120042e-04,-8.936566e-05,1.086859e-05
47.50,2.587934e-02,1.143210e-04,-9.120431e-05,1.105955e-05
48.00,2.640777e-02,1.166648e-04,-9.306469e-05,1.125365e-05
48.50,2.694237e-02,1.190355e-04,-9.494668e-05,1.145085e-05
49.00,2.748311e-02,1.214330e-04,-9.685017e-05,1.165109e-05
49.50,2.802995e-02,1.238573e-04,-9.877505e-05,1.185434e-05
50.00,2.858285e-02,1.263084e-04,-1.007212e-04,1.206056e-05
50.50,2.914180e-02,1.287863e-04,-1.026886e-04,1.226971e-05
51.00,2.970675e-02,1.312909e-04,-1.046770e-04,1.248176e-05
51.50,3.027767e-02,1.338222e-04,-1.066864e-04,1.269669e-05
52.00,3.085453e-02,1.363804e-04,-1.087166e-04,1.291447e-05
52.50,3.143728e-02,1.389653e-04,-1.107676e-04,1.313508e-05
53.00,3.202590e-02,1.415771e-04,-1.128391e-04,1.335851e-05
53.50,3.262034e-02,1.442158e-04,-1.149310e-04,1.358473e-05
54.00,3.322054e-02,1.468815e-04,-1.170431e-04,1.381373e-05
54.50,3.382645e-02,1.495743e-04,-1.191752e-04,1.404550e-05
55.00,3.443801e-02,1.522944e-04,-1.213272e-04,1.428004e-05
55.50,3.505513e-02,1.550419e-04,-1.234985e-04,1.451733e-05
56.00,3.567773e-02,1.578170e-04,-1.256891e-04,1.475738e-05
56.50,3.630571e-02,1.606199e-04,-1.278984e-04,1.500018e-05
57.00,3.693891e-02,1.634511e-04,-1.301259e-04,1.524575e-05
57.50,3.757720e-02,1.663107e-04,-1.323710e-04,1.549408e-05
58.00,3.822037e-02,1.691992e-04,-1.346330e-04,1.574518e-05
58.50,3.886818e-02,1.721172e-04,-1.369109e-04,1.599909e-05
59.00,3.952032e-02,1.750653e-04,-1.392035e-04,1.625580e-05
59.50,4.017640e-02,1.780443e-04,-1.415092e-04,1.651534e-05
60.00,4.083593e-02,1.810550e-04,-1.438260e-04,1.677774e-05
60.50,4.149827e-02,1.840985e-04,-1.461514e-04,1.704302e-05
61.00,4.216259e-02,1.871761e-04,-1.484817e-04,1.731118e-05
61.50,4.282780e-02,1.902891e-04,-1.508125e-04,1.758224e-05
62.00,4.349246e-02,1.934390e-04,-1.531373e-04,1.785612e-05
62.50,4.415465e-02,1.966272e-04,-1.554475e-04,1.813269e-05
63.00,4.481182e-02,1.998547e-04,-1.577311e-04,1.841165e-05
63.50,4.546060e-02,2.031210e-04,-1.599714e-04,1.869233e-05
64.00,4.609661e-02,2.064234e-04,-1.621452e-04,1.897350e-05
64.50,4.671445e-02,2.097543e-04,-1.642207e-04,1.925278e-05
65.00,4.730814e-02,2.130984e-04,-1.661564e-04,1.952583e-05
65.50,4.787294e-02,2.164306e-04,-1.679043e-04,1.978520e-05
66.00,4.840998e-02,2.197205e-04,-1.694257e-04,2.001951e-05
66.50,4.893502e-02,2.229544e-04,-1.707379e-04,2.021608e-05
67.00,4.948715e-02,2.261750e-04,-1.720053e-04,2.037532e-05
67.50,5.011963e-02,2.294756e-04,-1.736323e-04,2.054439e-05
68.00,5.085849e-02,2.328712e-04,-1.761191e-04,2.082301e-05
68.50,5.170488e-02,2.363477e-04,-1.795603e-04,2.123339e-05
69.00,5.265372e-02,2.399296e-04,-1.835608e-04,2.168127e-05
69.50,5.365552e-02,2.435222e-04,-1.876634e-04,2.210178e-05
70.00,5.466395e-02,2.470579e-04,-1.916318e-04,2.248371e-05
70.50,5.565466e-02,2.505349e-04,-1.954017e-04,2.283677e-05
71.00,5.662081e-02,2.539810e-04,-1.989887e-04,2.317259e-05
71.50,5.756409e-02,2.574249e-04,-2.024317e-04,2.349959e-05
72.00,5.848905e-02,2.608864e-04,-2.057693e-04,2.382296e-05
72.50,5.940056e-02,2.643772e-04,-2.090333e-04,2.414571e-05
73.00,6.030281e-02,2.679028e-04,-2.122477e-04,2.446950e-05
73.50,6.119922e-02,2.714654e-04,-2.154302e-04,2.479526e-05
74.00,6.209241e-02,2.750653e-04,-2.185938e-04,2.512346e-05
74.50,6.298444e-02,2.787019e-04,-2.217482e-04,2.545435e-05
75.00,6.387685e-02,2.823740e-04,-2.249003e-04,2.578805e-05
75.50,6.477086e-02,2.860807e-04,-2.280554e-04,2.612461e-05
76.00,6.566739e-02,2.898209e-04,-2.312175e-04,2.646404e-05
76.50,6.656717e-02,2.935934e-04,-2.343897e-04,2.680634e-05
77.00,6.747077e-02,2.973976e-04,-2.375744e-04,2.715150e-05
77.50,6.837864e-02,3.012325e-04,-2.407733e-04,2.749950e-05
78.00,6.929116e-02,3.050977e-04,-2.439879e-04,2.785032e-05
78.50,7.020862e-02,3.089925e-04,-2.472195e-04,2.820394e-05
79.00,7.113127e-02,3.129166e-04,-2.504690e-04,2.856035e-05
79.50,7.205930e-02,3.168694e-04,-2.537371e-04,2.891955e-05
80.00,7.299288e-02,3.208507e-04,-2.570246e-04,2.928151e-05
80.50,7.393217e-02,3.248601e-04,-2.603319e-04,2.964624e-05
81.00,7.487727e-02,3.288976e-04,-2.636596e-04,3.001373e-05
81.50,7.582830e-02,3.329628e-04,-2.670079e-04,3.038398e-05
82.00,7.678534e-02,3.370556e-04,-2.703774e-04,3.075698e-05
82.50,7.774847e-02,3.411759e-04,-2.737682e-04,3.113273e-05
83.00,7.871778e-02,3.453236e-04,-2.771807e-04,3.151123e-05
83.50,7.969331e-02,3.494985e-04,-2.806150e-04,3.189249e-05
84.00,8.067513e-02,3.537005e-04,-2.840714e-04,3.227652e-05
84.50,8.166328e-02,3.579296e-04,-2.875501e-04,3.266330e-05
85.00,8.265783e-02,3.621858e-04,-2.910513e-04,3.305285e-05
85.50,8.365881e-02,3.664690e-04,-2.945750e-04,3.344517e-05
86.00,8.466626e-02,3.707791e-04,-2.981215e-04,3.384028e-05
86.50,8.568023e-02,3.751161e-04,-3.016909e-04,3.423817e-05
87.00,8.670075e-02,3.794801e-04,-3.052834e-04,3.463885e-05
87.50,8.772786e-02,3.838709e-04,-3.088990e-04,3.504234e-05
88.00,8.876159e-02,3.882885e-04,-3.125380e-04,3.544863e-05
88.50,8.980198e-02,3.927331e-04,-3.162004e-04,3.585775e-05
89.00,9.084907e-02,3.972045e-04,-3.198863e-04,3.626970e-05
89.50,9.190287e-02,4.017027e-04,-3.235958e-04,3.668448e-05
90.00,9.296343e-02,4.062278e-04,-3.273292e-04,3.710212e-05
90.50,9.403078e-02,4.107797e-04,-3.310864e-04,3.752262e-05
91.00,9.510494e-02,4.153586e-04,-3.348676e-04,3.794599e-05
91.50,9.618595e-02,4.199643e-04,-3.386729e-04,3.837225e-05
92.00,9.727385e-02,4.245969e-04,-3.425024e-04,3.880140e-05
92.50,9.836865e-02,4.292564e-04,-3.463563e-04,3.923347e-05
93.00,9.947039e-02,4.339429e-04,-3.502346e-04,3.966846e-05
93.50,1.005791e-01,4.386564e-04,-3.541374e-04,4.010639e-05
94.00,1.016948e-01,4.433968e-04,-3.580648e-04,4.054727e-05
94.50,1.028176e-01,4.481643e-04,-3.620171e-04,4.099112e-05
95.00,1.039474e-01,4.529587e-04,-3.659941e-04,4.143796e-05
95.50,1.050843e-01,4.577803e-04,-3.699962e-04,4.188780e-05
96.00,1.062284e-01,4.626290e-04,-3.740234e-04,4.234065e-05
96.50,1.073796e-01,4.675048e-04,-3.780757e-04,4.279654e-05
97.00,1.085380e-01,4.724078e-04,-3.821534e-04,4.325547e-05
97.50,1.097036e-01,4.773381e-04,-3.862565e-04,4.371748e-05
98.00,1.108765e-01,4.822956e-04,-3.903852e-04,4.418258e-05
98.50,1.120567e-01,4.872804e-04,-3.945395e-04,4.465079e-05
99.00,1.132442e-01,4.922926e-04,-3.987196e-04,4.512212e-05
99.50,1.144390e-01,4.973323e-04,-4.029256e-04,4.559661e-05
100.00,1.156413e-01,5.023994e-04,-4.071576e-04,4.607427e-05
100.50,1.168509e-01,5.074940e-04,-4.114157e-04,4.655512e-05
101.00,1.180681e-01,5.126163e-04,-4.157001e-04,4.703920e-05
101.50,1.192927e-01,5.177663e-04,-4.200108e-04,4.752651e-05
102.00,1.205248e-01,5.229440e-04,-4.243480e-04,4.801710e-05
102.50,1.217645e-01,5.281495e-04,-4.287117e-04,4.851098e-05
103.00,1.230118e-01,5.333830e-04,-4.331021e-04,4.900818e-05
103.50,1.242667e-01,5.386446e-04,-4.375193e-04,4.950873e-05
104.00,1.255292e-01,5.439342e-04,-4.419632e-04,5.001267e-05
104.50,1.267994e-01,5.492522e-04,-4.464341e-04,5.052002e-05
105.00,1.280772e-01,5.545986e-04,-4.509320e-04,5.103081e-05
105.50,1.293628e-01,5.599735e-04,-4.554569e-04,5.154509e-05
106.00,1.306560e-01,5.653771e-04,-4.600089e-04,5.206288e-05
106.50,1.319569e-01,5.708097e-04,-4.645879e-04,5.258423e-05
107.00,1.332656e-01,5.762714e-04,-4.691939e-04,5.310917e-05
107.50,1.345819e-01,5.817624e-04,-4.738269e-04,5.363776e-05
108.00,1.359059e-01,5.872831e-04,-4.784867e-04,5.417003e-05
108.50,1.372375e-01,5.928338e-04,-4.831730e-04,5.470604e-05
109.00,1.385767e-01,5.984148e-04,-4.878857e-04,5.524583e-05
109.50,1.399233e-01,6.040266e-04,-4.926243e-04,5.578947e-05
110.00,1.412772e-01,6.096697e-04,-4.973883e-04,5.633702e-05
110.50,1.426382e-01,6.153445e-04,-5.021768e-04,5.688853e-05
111.00,1.440061e-01,6.210519e-04,-5.069890e-04,5.744408e-05
111.50,1.453806e-01,6.267926e-04,-5.118235e-04,5.800375e-05
112.00,1.467613e-01,6.325676e-04,-5.166785e-04,5.856759e-05
112.50,1.481475e-01,6.383778e-04,-5.215516e-04,5.913570e-05
113.00,1.495386e-01,6.442245e-04,-5.264396e-04,5.970812e-05
113.50,1.509335e-01,6.501089e-04,-5.313382e-04,6.028490e-05
114.00,1.523310e-01,6.560324e-04,-5.362413e-04,6.086603e-05
114.50,1.537292e-01,6.619963e-04,-5.411409e-04,6.145142e-05
115.00,1.551259e-01,6.680010e-04,-5.460256e-04,6.204080e-05
115.50,1.565181e-01,6.740461e-04,-5.508798e-04,6.263356e-05
116.00,1.579016e-01,6.801287e-04,-5.556818e-04,6.322853e-05
116.50,1.592718e-01,6.862415e-04,-5.604022e-04,6.382345e-05
117.00,1.606233e-01,6.923704e-04,-5.650025e-04,6.441424e-05
117.50,1.619516e-01,6.984923e-04,-5.694370e-04,6.499388e-05
118.00,1.632571e-01,7.045783e-04,-5.736651e-04,6.555147e-05
118.50,1.645520e-01,7.106101e-04,-5.776862e-04,6.607354e-05
119.00,1.658690e-01,7.166156e-04,-5.816150e-04,6.655425e-05
119.50,1.672583e-01,7.226843e-04,-5.857792e-04,6.702389e-05
120.00,1.688072e-01,7.290274e-04,-5.908342e-04,6.756347e-05
120.50,1.703534e-01,7.351200e-04,-5.966323e-04,6.828471e-05
121.00,1.720642e-01,7.414913e-04,-6.033553e-04,6.907938e-05
121.50,1.738550e-01,7.479298e-04,-6.103604e-04,6.986677e-05
122.00,1.756763e-01,7.543427e-04,-6.173136e-04,7.061487e-05
122.50,1.774939e-01,7.606980e-04,-6.240886e-04,7.132816e-05
123.00,1.792939e-01,7.670121e-04,-6.306763e-04,7.201957e-05
123.50,1.810748e-01,7.733142e-04,-6.371114e-04,7.270006e-05
124.00,1.828404e-01,7.796286e-04,-6.434365e-04,7.337690e-05
124.50,1.845955e-01,7.859710e-04,-6.496891e-04,7.405450e-05
125.00,1.863451e-01,7.923500e-04,-6.558989e-04,7.473541e-05
125.50,1.880933e-01,7.987697e-04,-6.620881e-04,7.542112e-05
126.00,1.898433e-01,8.052316e-04,-6.682736e-04,7.611248e-05
126.50,1.915977e-01,8.117359e-04,-6.744679e-04,7.681001e-05
127.00,1.933588e-01,8.182818e-04,-6.806805e-04,7.751402e-05
127.50,1.951281e-01,8.248687e-04,-6.869187e-04,7.822475e-05
128.00,1.969070e-01,8.314955e-04,-6.931883e-04,7.894236e-05
128.50,1.986968e-01,8.381614e-04,-6.994941e-04,7.966701e-05
129.00,2.004982e-01,8.448658e-04,-7.058399e-04,8.039883e-05
129.50,2.023123e-01,8.516080e-04,-7.122291e-04,8.113798e-05
130.00,2.041398e-01,8.583875e-04,-7.186645e-04,8.188461e-05
130.50,2.059813e-01,8.652041e-04,-7.251487e-04,8.263887e-05
131.00,2.078376e-01,8.720573e-04,-7.316841e-04,8.340092e-05
131.50,2.097091e-01,8.789470e-04,-7.382730e-04,8.417097e-05
132.00,2.115965e-01,8.858730e-04,-7.449175e-04,8.494919e-05
132.50,2.135005e-01,8.928355e-04,-7.516197e-04,8.573579e-05
133.00,2.154215e-01,8.998343e-04,-7.583816e-04,8.653100e-05
133.50,2.173601e-01,9.068695e-04,-7.652054e-04,8.733504e-05
134.00,2.193169e-01,9.139412e-04,-7.720931e-04,8.814817e-05
134.50,2.212926e-01,9.210497e-04,-7.790468e-04,8.897064e-05
135.00,2.232878e-01,9.281951e-04,-7.860686e-04,8.980274e-05
135.50,2.253030e-01,9.353776e-04,-7.931610e-04,9.064476e-05
136.00,2.273389e-01,9.425975e-04,-8.003261e-04,9.149701e-05
136.50,2.293963e-01,9.498551e-04,-8.075663e-04,9.235982e-05
137.00,2.314759e-01,9.571509e-04,-8.148843e-04,9.323353e-05
137.50,2.335783e-01,9.644850e-04,-8.222826e-04,9.411851e-05
138.00,2.357044e-01,9.718580e-04,-8.297639e-04,9.501516e-05
138.50,2.378551e-01,9.792702e-04,-8.373312e-04,9.592389e-05
139.00,2.400311e-01,9.867222e-04,-8.449876e-04,9.684512e-05
139.50,2.422335e-01,9.942145e-04,-8.527362e-04,9.777933e-05
140.00,2.444631e-01,1.001748e-03,-8.605804e-04,9.872699e-05
140.50,2.467210e-01,1.009322e-03,-8.685238e-04,9.968863e-05
141.00,2.490083e-01,1.016938e-03,-8.765701e-04,1.006648e-04
141.50,2.513262e-01,1.024598e-03,-8.847235e-04,1.016561e-04
142.00,2.536758e-01,1.032300e-03,-8.929880e-04,1.026631e-04
142.50,2.560584e-01,1.040047e-03,-9.013682e-04,1.036864e-04
143.00,2.584754e-01,1.047838e-03,-9.098689e-04,1.047269e-04
143.50,2.609284e-01,1.055675e-03,-9.184952e-04,1.057852e-04
144.00,2.634187e-01,1.063559e-03,-9.272524e-04,1.068620e-04
144.50,2.659481e-01,1.071490e-03,-9.361462e-04,1.079583e-04
145.00,2.685184e-01,1.079470e-03,-9.451828e-04,1.090750e-04
145.50,2.711313e-01,1.087500e-03,-9.543688e-04,1.102129e-04
146.00,2.737890e-01,1.095581e-03,-9.637109e-04,1.113732e-04
146.50,2.764935e-01,1.103713e-03,-9.732168e-04,1.125568e-04
147.00,2.792472e-01,1.111899e-03,-9.828943e-04,1.137650e-04
147.50,2.820524e-01,1.120140e-03,-9.927519e-04,1.149990e-04
148.00,2.849119e-01,1.128437e-03,-1.002799e-03,1.162601e-04
148.50,2.878285e-01,1.136792e-03,-1.013045e-03,1.175498e-04
149.00,2.908051e-01,1.145207e-03,-1.023500e-03,1.188695e-04
149.50,2.938451e-01,1.153683e-03,-1.034176e-03,1.202210e-04
150.00,2.969519e-01,1.162222e-03,-1.045085e-03,1.216059e-04
150.50,3.001293e-01,1.170827e-03,-1.056240e-03,1.230262e-04
151.00,3.033815e-01,1.179500e-03,-1.067655e-03,1.244840e-04
151.50,3.067127e-01,1.188242e-03,-1.079344e-03,1.259814e-04
152.00,3.101278e-01,1.197058e-03,-1.091326e-03,1.275208e-04
152.50,3.136319e-01,1.205949e-03,-1.103616e-03,1.291048e-04
153.00,3.172305e-01,1.214919e-03,-1.116235e-03,1.307361e-04
153.50,3.209298e-01,1.223970e-03,-1.129203e-03,1.324177e-04
154.00,3.247363e-01,1.233107e-03,-1.142543e-03,1.341530e-04
154.50,3.286572e-01,1.242332e-03,-1.156279e-03,1.359455e-04
155.00,3.327002e-01,1.251651e-03,-1.170437e-03,1.377989e-04
155.50,3.368739e-01,1.261068e-03,-1.185048e-03,1.397175e-04
156.00,3.411876e-01,1.270586e-03,-1.200143e-03,1.417058e-04
156.50,3.456513e-01,1.280212e-03,-1.215756e-03,1.437689e-04
157.00,3.502764e-01,1.289952e-03,-1.231925e-03,1.459120e-04
157.50,3.550750e-01,1.299810e-03,-1.248692e-03,1.481413e-04
158.00,3.600605e-01,1.309794e-03,-1.266103e-03,1.504632e-04
158.50,3.652479e-01,1.319911e-03,-1.284209e-03,1.528848e-04
159.00,3.706535e-01,1.330169e-03,-1.303063e-03,1.554140e-04
159.50,3.762955e-01,1.340576e-03,-1.322728e-03,1.580595e-04
160.00,3.821938e-01,1.351142e-03,-1.343272e-03,1.608307e-04
160.50,3.883708e-01,1.361876e-03,-1.364769e-03,1.637384e-04
161.00,3.948512e-01,1.372790e-03,-1.387302e-03,1.667940e-04
161.50,4.016628e-01,1.383896e-03,-1.410965e-03,1.700107e-04
162.00,4.088365e-01,1.395208e-03,-1.435861e-03,1.734026e-04
162.50,4.164070e-01,1.406739e-03,-1.462104e-03,1.769860e-04
163.00,4.244132e-01,1.418505e-03,-1.489825e-03,1.807785e-04
163.50,4.328989e-01,1.430524e-03,-1.519169e-03,1.848003e-04
164.00,4.419138e-01,1.442815e-03,-1.550299e-03,1.890736e-04
164.50,4.515140e-01,1.455399e-03,-1.583401e-03,1.936235e-04
165.00,4.617634e-01,1.468298e-03,-1.618683e-03,1.984784e-04
165.50,4.727347e-01,1.481538e-03,-1.656382e-03,2.036700e-04
166.00,4.845112e-01,1.495144e-03,-1.696770e-03,2.092344e-04
166.50,4.971884e-01,1.509147e-03,-1.740154e-03,2.152124e-04
167.00,5.108766e-01,1.523578e-03,-1.786889e-03,2.216503e-04
167.50,5.257030e-01,1.538471e-03,-1.837381e-03,2.286009e-04
168.00,5.418159e-01,1.553861e-03,-1.892101e-03,2.361244e-04
168.50,5.593877e-01,1.569788e-03,-1.951592e-03,2.442898e-04
169.00,5.786211e-01,1.586291e-03,-2.016487e-03,2.531760e-04
169.50,5.997546e-01,1.603407e-03,-2.087526e-03,2.628738e-04
170.00,6.230706e-01,1.621176e-03,-2.165574e-03,2.734879e-04
170.50,6.489055e-01,1.639629e-03,-2.251652e-03,2.851388e-04
171.00,6.776623e-01,1.658793e-03,-2.346969e-03,2.979658e-04
171.50,7.098267e-01,1.678675e-03,-2.452960e-03,3.121298e-04
172.00,7.459886e-01,1.699262e-03,-2.571343e-03,3.278167e-04
172.50,7.868689e-01,1.720500e-03,-2.704181e-03,3.452409e-04
173.00,8.333560e-01,1.742271e-03,-2.853964e-03,3.646486e-04
173.50,8.865538e-01,1.764368e-03,-3.023718e-03,3.863207e-04
174.00,9.478468e-01,1.786433e-03,-3.217136e-03,4.105738e-04
174.50,1.018988e+00,1.807892e-03,-3.438754e-03,4.377575e-04
175.00,1.102220e+00,1.827824e-03,-3.694168e-03,4.682445e-04
175.50,1.200449e+00,1.844792e-03,-3.990320e-03,5.024063e-04
176.00,1.317480e+00,1.856550e-03,-4.335855e-03,5.405633e-04
176.50,1.458373e+00,1.859611e-03,-4.741571e-03,5.828854e-04
177.00,1.629953e+00,1.848561e-03,-5.220977e-03,6.292045e-04
177.50,1.841576e+00,1.815008e-03,-5.790937e-03,6.786618e-04
178.00,2.106293e+00,1.745973e-03,-6.472380e-03,7.290503e-04
178.50,2.442664e+00,1.621541e-03,-7.290935e-03,7.755921e-04
179.00,2.877609e+00,1.411705e-03,-8.277222e-03,8.086706e-04
179.50,3.450967e+00,1.073015e-03,-9.466282e-03,8.096557e-04
180.00,4.222744e+00,5.478432e-04,-1.089536e-02,7.433856e-04
180.50,5.284184e+00,-2.247731e-04,-1.259926e-02,5.453280e-04
181.00,6.772231e+00,-1.264003e-03,-1.460364e-02,1.024279e-04
181.50,8.877415e+00,-2.425346e-03,-1.691873e-02,-7.649537e-04
182.00,1.179740e+01,-3.181292e-03,-1.952917e-02,-2.278736e-03
182.50,1.548663e+01,-2.543092e-03,-2.233489e-02,-4.503680e-03
183.00,1.906023e+01,8.752596e-05,-2.518235e-02,-6.776469e-03
183.50,1.983718e+01,1.067740e-03,-2.618007e-02,-7.183455e-03
184.00,1.666416e+01,-2.115198e-03,-2.336179e-02,-5.173685e-03
184.50,1.296105e+01,-3.278815e-03,-2.072734e-02,-2.827722e-03
185.00,9.857315e+00,-2.773324e-03,-1.818322e-02,-1.101335e-03
185.50,7.568438e+00,-1.616078e-03,-1.587806e-02,-6.123738e-05
186.00,5.936907e+00,-4.750457e-04,-1.384905e-02,4.959290e-04
186.50,4.770104e+00,4.192017e-04,-1.210010e-02,7.634291e-04
187.00,3.921480e+00,1.052609e-03,-1.061685e-02,8.701457e-04
187.50,3.291422e+00,1.478834e-03,-9.372239e-03,8.920427e-04
188.00,2.813945e+00,1.757507e-03,-8.333497e-03,8.714941e-04
188.50,2.445143e+00,1.936267e-03,-7.467704e-03,8.314555e-04
189.00,2.155338e+00,2.049040e-03,-6.744957e-03,7.840930e-04
189.50,1.924082e+00,2.118805e-03,-6.139584e-03,7.356825e-04
190.00,1.737000e+00,2.160770e-03,-5.630253e-03,6.893134e-04
190.50,1.583796e+00,2.184906e-03,-5.199555e-03,6.463666e-04
191.00,1.456962e+00,2.197728e-03,-4.833415e-03,6.073194e-04
191.50,1.350931e+00,2.203494e-03,-4.520495e-03,5.721845e-04
192.00,1.261515e+00,2.204987e-03,-4.251664e-03,5.407481e-04
192.50,1.185517e+00,2.204026e-03,-4.019555e-03,5.126994e-04
193.00,1.120468e+00,2.201796e-03,-3.818200e-03,4.876982e-04
193.50,1.064436e+00,2.199068e-03,-3.642746e-03,4.654104e-04
194.00,1.015894e+00,2.196334e-03,-3.489225e-03,4.455247e-04
194.50,9.736252e-01,2.193903e-03,-3.354379e-03,4.277594e-04
195.00,9.366466e-01,2.191963e-03,-3.235516e-03,4.118638e-04
195.50,9.041608e-01,2.190623e-03,-3.130400e-03,3.976172e-04
196.00,8.755148e-01,2.189934e-03,-3.037167e-03,3.848264e-04
196.50,8.501696e-01,2.189917e-03,-2.954251e-03,3.733228e-04
197.00,8.276776e-01,2.190567e-03,-2.880333e-03,3.629597e-04
197.50,8.076645e-01,2.191866e-03,-2.814294e-03,3.536091e-04
198.00,7.898156e-01,2.193789e-03,-2.755185e-03,3.451595e-04
198.50,7.738646e-01,2.196303e-03,-2.702191e-03,3.375135e-04
199.00,7.595850e-01,2.199375e-03,-2.654614e-03,3.305863e-04
199.50,7.467835e-01,2.202973e-03,-2.611854e-03,3.243033e-04
200.00,7.352938e-01,2.207061e-03,-2.573390e-03,3.185991e-04
200.50,7.249728e-01,2.211608e-03,-2.538768e-03,3.134164e-04
201.00,7.156963e-01,2.216583e-03,-2.507596e-03,3.087044e-04
201.50,7.073564e-01,2.221958e-03,-2.479528e-03,3.044184e-04
202.00,6.998590e-01,2.227705e-03,-2.454262e-03,3.005188e-04
202.50,6.931217e-01,2.233800e-03,-2.431531e-03,2.969705e-04
203.00,6.870719e-01,2.240219e-03,-2.411102e-03,2.937421e-04
203.50,6.816457e-01,2.246941e-03,-2.392764e-03,2.908057e-04
204.00,6.767867e-01,2.253947e-03,-2.376334e-03,2.881366e-04
204.50,6.724446e-01,2.261218e-03,-2.361647e-03,2.857123e-04
205.00,6.685750e-01,2.268737e-03,-2.348556e-03,2.835129e-04
205.50,6.651379e-01,2.276490e-03,-2.336929e-03,2.815204e-04
206.00,6.620979e-01,2.284461e-03,-2.326650e-03,2.797185e-04
206.50,6.594231e-01,2.292639e-03,-2.317611e-03,2.780927e-04
207.00,6.570849e-01,2.301012e-03,-2.309718e-03,2.766297e-04
207.50,6.550574e-01,2.309567e-03,-2.302884e-03,2.753176e-04
208.00,6.533174e-01,2.318296e-03,-2.297032e-03,2.741455e-04
208.50,6.518439e-01,2.327189e-03,-2.292091e-03,2.731035e-04
209.00,6.506177e-01,2.336238e-03,-2.287997e-03,2.721826e-04
209.50,6.496216e-01,2.345434e-03,-2.284692e-03,2.713746e-04
210.00,6.488399e-01,2.354770e-03,-2.282122e-03,2.706721e-04
210.50,6.482582e-01,2.364241e-03,-2.280239e-03,2.700681e-04
211.00,6.478634e-01,2.373838e-03,-2.278999e-03,2.695564e-04
211.50,6.476435e-01,2.383558e-03,-2.278362e-03,2.691313e-04
212.00,6.475877e-01,2.393394e-03,-2.278289e-03,2.687874e-04
212.50,6.476858e-01,2.403341e-03,-2.278748e-03,2.685199e-04
213.00,6.479286e-01,2.413396e-03,-2.279707e-03,2.683243e-04
213.50,6.483078e-01,2.423553e-03,-2.281136e-03,2.681965e-04
214.00,6.488154e-01,2.433810e-03,-2.283010e-03,2.681327e-04
214.50,6.494443e-01,2.444161e-03,-2.285303e-03,2.681293e-04
215.00,6.501878e-01,2.454605e-03,-2.287993e-03,2.681831e-04
215.50,6.510398e-01,2.465137e-03,-2.291059e-03,2.682910e-04
216.00,6.519946e-01,2.475754e-03,-2.294482e-03,2.684503e-04
216.50,6.530470e-01,2.486455e-03,-2.298243e-03,2.686583e-04
217.00,6.541920e-01,2.497237e-03,-2.302326e-03,2.689126e-04
217.50,6.554252e-01,2.508097e-03,-2.306715e-03,2.692111e-04
218.00,6.567423e-01,2.519032e-03,-2.311396e-03,2.695515e-04
218.50,6.581394e-01,2.530041e-03,-2.316355e-03,2.699320e-04
219.00,6.596128e-01,2.541123e-03,-2.321579e-03,2.703506e-04
219.50,6.611592e-01,2.552274e-03,-2.327058e-03,2.708058e-04
220.00,6.627754e-01,2.563494e-03,-2.332779e-03,2.712960e-04
220.50,6.644584e-01,2.574781e-03,-2.338734e-03,2.718196e-04
221.00,6.662054e-01,2.586133e-03,-2.344912e-03,2.723752e-04
221.50,6.680139e-01,2.597548e-03,-2.351304e-03,2.729616e-04
222.00,6.698815e-01,2.609027e-03,-2.357902e-03,2.735776e-04
222.50,6.718058e-01,2.620567e-03,-2.364698e-03,2.742219e-04
223.00,6.737847e-01,2.632167e-03,-2.371685e-03,2.748936e-04
223.50,6.758163e-01,2.643826e-03,-2.378856e-03,2.755917e-04
224.00,6.778987e-01,2.655544e-03,-2.386204e-03,2.763151e-04
224.50,6.800301e-01,2.667319e-03,-2.393724e-03,2.770630e-04
225.00,6.822089e-01,2.679150e-03,-2.401409e-03,2.778346e-04
225.50,6.844334e-01,2.691036e-03,-2.409254e-03,2.786290e-04
226.00,6.867024e-01,2.702977e-03,-2.417255e-03,2.794456e-04
226.50,6.890142e-01,2.714972e-03,-2.425406e-03,2.802837e-04
227.00,6.913678e-01,2.727021e-03,-2.433703e-03,2.811425e-04
227.50,6.937618e-01,2.739122e-03,-2.442141e-03,2.820215e-04
228.00,6.961951e-01,2.751274e-03,-2.450717e-03,2.829202e-04
228.50,6.986667e-01,2.763479e-03,-2.459427e-03,2.838378e-04
229.00,7.011754e-01,2.775734e-03,-2.468268e-03,2.847740e-04
229.50,7.037203e-01,2.788039e-03,-2.477235e-03,2.857282e-04
230.00,7.063006e-01,2.800394e-03,-2.486326e-03,2.867000e-04
230.50,7.089153e-01,2.812798e-03,-2.495538e-03,2.876889e-04
231.00,7.115637e-01,2.825252e-03,-2.504869e-03,2.886946e-04
231.50,7.142450e-01,2.837754e-03,-2.514314e-03,2.897166e-04
232.00,7.169584e-01,2.850304e-03,-2.523872e-03,2.907546e-04
232.50,7.197032e-01,2.862901e-03,-2.533541e-03,2.918083e-04
233.00,7.224789e-01,2.875547e-03,-2.543317e-03,2.928772e-04
233.50,7.252847e-01,2.888239e-03,-2.553200e-03,2.939611e-04
234.00,7.281202e-01,2.900978e-03,-2.563187e-03,2.950598e-04
234.50,7.309848e-01,2.913764e-03,-2.573276e-03,2.961728e-04
235.00,7.338778e-01,2.926596e-03,-2.583465e-03,2.973001e-04
235.50,7.367990e-01,2.939475e-03,-2.593753e-03,2.984413e-04
236.00,7.397477e-01,2.952399e-03,-2.604137e-03,2.995962e-04
236.50,7.427237e-01,2.965368e-03,-2.614618e-03,3.007645e-04
237.00,7.457263e-01,2.978383e-03,-2.625192e-03,3.019462e-04
237.50,7.487553e-01,2.991444e-03,-2.635859e-03,3.031409e-04
238.00,7.518103e-01,3.004549e-03,-2.646617e-03,3.043486e-04
238.50,7.548909e-01,3.017700e-03,-2.657465e-03,3.055689e-04
239.00,7.579968e-01,3.030895e-03,-2.668402e-03,3.068019e-04
239.50,7.611277e-01,3.044135e-03,-2.679428e-03,3.080473e-04
240.00,7.642834e-01,3.057420e-03,-2.690540e-03,3.093049e-04
240.50,7.674634e-01,3.070749e-03,-2.701738e-03,3.105748e-04
241.00,7.706676e-01,3.084122e-03,-2.713021e-03,3.118566e-04
241.50,7.738958e-01,3.097540e-03,-2.724388e-03,3.131504e-04
242.00,7.771476e-01,3.111002e-03,-2.735839e-03,3.144560e-04
242.50,7.804229e-01,3.124508e-03,-2.747372e-03,3.157733e-04
243.00,7.837215e-01,3.138058e-03,-2.758987e-03,3.171023e-04
243.50,7.870432e-01,3.151652e-03,-2.770684e-03,3.184428e-04
244.00,7.903878e-01,3.165290e-03,-2.782461e-03,3.197947e-04
244.50,7.937551e-01,3.178972e-03,-2.794319e-03,3.211581e-04
245.00,7.971451e-01,3.192699e-03,-2.806256e-03,3.225328e-04
245.50,8.005575e-01,3.206469e-03,-2.818272e-03,3.239187e-04
246.00,8.039922e-01,3.220282e-03,-2.830366e-03,3.253159e-04
246.50,8.074491e-01,3.234140e-03,-2.842539e-03,3.267243e-04
247.00,8.109282e-01,3.248042e-03,-2.854790e-03,3.281438e-04
247.50,8.144292e-01,3.261988e-03,-2.867119e-03,3.295744e-04
248.00,8.179522e-01,3.275977e-03,-2.879524e-03,3.310161e-04
248.50,8.214970e-01,3.290011e-03,-2.892007e-03,3.324689e-04
249.00,8.250635e-01,3.304089e-03,-2.904566e-03,3.339327e-04
249.50,8.286517e-01,3.318210e-03,-2.917201e-03,3.354075e-04
250.00,8.322616e-01,3.332376e-03,-2.929913e-03,3.368934e-04
250.50,8.358930e-01,3.346586e-03,-2.942701e-03,3.383903e-04
251.00,8.395460e-01,3.360840e-03,-2.955565e-03,3.398981e-04
251.50,8.432206e-01,3.375139e-03,-2.968505e-03,3.414171e-04
252.00,8.469166e-01,3.389482e-03,-2.981521e-03,3.429471e-04
252.50,8.506340e-01,3.403869e-03,-2.994612e-03,3.444881e-04
253.00,8.543730e-01,3.418301e-03,-3.007779e-03,3.460402e-04
253.50,8.581334e-01,3.432777e-03,-3.021022e-03,3.476034e-04
254.00,8.619153e-01,3.447299e-03,-3.034340e-03,3.491778e-04
254.50,8.657186e-01,3.461865e-03,-3.047735e-03,3.507633e-04
255.00,8.695435e-01,3.476476e-03,-3.061205e-03,3.523601e-04
255.50,8.733899e-01,3.491132e-03,-3.074751e-03,3.539681e-04
256.00,8.772578e-01,3.505834e-03,-3.088373e-03,3.555874e-04
256.50,8.811473e-01,3.520580e-03,-3.102071e-03,3.572181e-04
257.00,8.850584e-01,3.535373e-03,-3.115846e-03,3.588602e-04
257.50,8.889913e-01,3.550211e-03,-3.129697e-03,3.605138e-04
258.00,8.929458e-01,3.565094e-03,-3.143625e-03,3.621790e-04
258.50,8.969222e-01,3.580024e-03,-3.157630e-03,3.638558e-04
259.00,9.009205e-01,3.595000e-03,-3.171712e-03,3.655443e-04
259.50,9.049407e-01,3.610022e-03,-3.185872e-03,3.672446e-04
260.00,9.089830e-01,3.625091e-03,-3.200109e-03,3.689568e-04
260.50,9.130474e-01,3.640206e-03,-3.214425e-03,3.706810e-04
261.00,9.171340e-01,3.655368e-03,-3.228819e-03,3.724172e-04
261.50,9.212430e-01,3.670577e-03,-3.243292e-03,3.741656e-04
262.00,9.253744e-01,3.685834e-03,-3.257845e-03,3.759264e-04
262.50,9.295284e-01,3.701138e-03,-3.272477e-03,3.776995e-04
263.00,9.337050e-01,3.716490e-03,-3.287189e-03,3.794851e-04
263.50,9.379045e-01,3.731890e-03,-3.301982e-03,3.812835e-04
264.00,9.421269e-01,3.747339e-03,-3.316856e-03,3.830946e-04
264.50,9.463725e-01,3.762835e-03,-3.331812e-03,3.849186e-04
265.00,9.506413e-01,3.778381e-03,-3.346849e-03,3.867558e-04
265.50,9.549335e-01,3.793976e-03,-3.361970e-03,3.886061e-04
266.00,9.592494e-01,3.809620e-03,-3.377174e-03,3.904699e-04
266.50,9.635889e-01,3.825314e-03,-3.392462e-03,3.923472e-04
267.00,9.679525e-01,3.841058e-03,-3.407835e-03,3.942383e-04
267.50,9.723402e-01,3.856853e-03,-3.423293e-03,3.961433e-04
268.00,9.767522e-01,3.872698e-03,-3.438837e-03,3.980624e-04
268.50,9.811889e-01,3.888594e-03,-3.454469e-03,3.999958e-04
269.00,9.856503e-01,3.904542e-03,-3.470187e-03,4.019438e-04
269.50,9.901367e-01,3.920542e-03,-3.485995e-03,4.039065e-04
270.00,9.946484e-01,3.936593e-03,-3.501891e-03,4.058842e-04
270.50,9.991856e-01,3.952698e-03,-3.517878e-03,4.078771e-04
271.00,1.003749e+00,3.968856e-03,-3.533957e-03,4.098854e-04
271.50,1.008338e+00,3.985067e-03,-3.550127e-03,4.119095e-04
272.00,1.012953e+00,4.001333e-03,-3.566390e-03,4.139495e-04
272.50,1.017595e+00,4.017653e-03,-3.582748e-03,4.160059e-04
273.00,1.022264e+00,4.034028e-03,-3.599201e-03,4.180788e-04
273.50,1.026960e+00,4.050458e-03,-3.615751e-03,4.201686e-04
274.00,1.031684e+00,4.066945e-03,-3.632398e-03,4.222756e-04
274.50,1.036436e+00,4.083489e-03,-3.649145e-03,4.244001e-04
275.00,1.041216e+00,4.100090e-03,-3.665991e-03,4.265425e-04
275.50,1.046025e+00,4.116749e-03,-3.682940e-03,4.287032e-04
276.00,1.050863e+00,4.133467e-03,-3.699991e-03,4.308825e-04
276.50,1.055730e+00,4.150244e-03,-3.717147e-03,4.330809e-04
277.00,1.060628e+00,4.167081e-03,-3.734409e-03,4.352988e-04
277.50,1.065555e+00,4.183979e-03,-3.751779e-03,4.375365e-04
278.00,1.070514e+00,4.200939e-03,-3.769258e-03,4.397947e-04
278.50,1.075504e+00,4.217961e-03,-3.786848e-03,4.420737e-04
279.00,1.080526e+00,4.235047e-03,-3.804552e-03,4.443741e-04
279.50,1.085581e+00,4.252197e-03,-3.822370e-03,4.466965e-04
280.00,1.090668e+00,4.269412e-03,-3.840306e-03,4.490413e-04
280.50,1.095789e+00,4.286693e-03,-3.858360e-03,4.514092e-04
281.00,1.100945e+00,4.304042e-03,-3.876536e-03,4.538008e-04
281.50,1.106135e+00,4.321459e-03,-3.894836e-03,4.562168e-04
282.00,1.111361e+00,4.338946e-03,-3.913261e-03,4.586578e-04
282.50,1.116623e+00,4.356504e-03,-3.931815e-03,4.611246e-04
283.00,1.121922e+00,4.374133e-03,-3.950501e-03,4.636179e-04
283.50,1.127259e+00,4.391836e-03,-3.969321e-03,4.661386e-04
284.00,1.132635e+00,4.409614e-03,-3.988278e-03,4.686875e-04
284.50,1.138051e+00,4.427469e-03,-4.007375e-03,4.712655e-04
285.00,1.143507e+00,4.445401e-03,-4.026616e-03,4.738735e-04
285.50,1.149004e+00,4.463413e-03,-4.046004e-03,4.765126e-04
286.00,1.154544e+00,4.481507e-03,-4.065542e-03,4.791839e-04
286.50,1.160128e+00,4.499684e-03,-4.085236e-03,4.818884e-04
287.00,1.165756e+00,4.517947e-03,-4.105087e-03,4.846274e-04
287.50,1.171431e+00,4.536296e-03,-4.125102e-03,4.874021e-04
288.00,1.177153e+00,4.554736e-03,-4.145284e-03,4.902139e-04
288.50,1.182923e+00,4.573268e-03,-4.165639e-03,4.930642e-04
289.00,1.188744e+00,4.591895e-03,-4.186171e-03,4.959546e-04
289.50,1.194617e+00,4.610619e-03,-4.206886e-03,4.988866e-04
290.00,1.200542e+00,4.629443e-03,-4.227790e-03,5.018621e-04
290.50,1.206523e+00,4.648371e-03,-4.248889e-03,5.048829e-04
291.00,1.212561e+00,4.667405e-03,-4.270189e-03,5.079509e-04
291.50,1.218658e+00,4.686549e-03,-4.291698e-03,5.110683e-04
292.00,1.224816e+00,4.705808e-03,-4.313423e-03,5.142374e-04
292.50,1.231038e+00,4.725184e-03,-4.335371e-03,5.174605e-04
293.00,1.237325e+00,4.744683e-03,-4.357552e-03,5.207403e-04
293.50,1.243681e+00,4.764308e-03,-4.379974e-03,5.240796e-04
294.00,1.250108e+00,4.784065e-03,-4.402647e-03,5.274814e-04
294.50,1.256610e+00,4.803959e-03,-4.425582e-03,5.309490e-04
295.00,1.263189e+00,4.823996e-03,-4.448790e-03,5.344858e-04
295.50,1.269849e+00,4.844183e-03,-4.472283e-03,5.380956e-04
296.00,1.276594e+00,4.864524e-03,-4.496074e-03,5.417826e-04
296.50,1.283428e+00,4.885029e-03,-4.520177e-03,5.455511e-04
297.00,1.290356e+00,4.905704e-03,-4.544607e-03,5.494059e-04
297.50,1.297381e+00,4.926558e-03,-4.569381e-03,5.533523e-04
298.00,1.304511e+00,4.947601e-03,-4.594517e-03,5.573958e-04
298.50,1.311749e+00,4.968841e-03,-4.620034e-03,5.615428e-04
299.00,1.319103e+00,4.990291e-03,-4.645952e-03,5.657998e-04
299.50,1.326579e+00,5.011961e-03,-4.672296e-03,5.701742e-04
300.00,1.334184e+00,5.033865e-03,-4.699089e-03,5.746741e-04
300.50,1.341927e+00,5.056016e-03,-4.726359e-03,5.793082e-04
301.00,1.349817e+00,5.078430e-03,-4.754136e-03,5.840863e-04
301.50,1.357863e+00,5.101123e-03,-4.782452e-03,5.890189e-04
302.00,1.366076e+00,5.124115e-03,-4.811344e-03,5.941179e-04
302.50,1.374469e+00,5.147425e-03,-4.840850e-03,5.993960e-04
303.00,1.383054e+00,5.171075e-03,-4.871014e-03,6.048677e-04
303.50,1.391846e+00,5.195091e-03,-4.901884e-03,6.105487e-04
304.00,1.400861e+00,5.219498e-03,-4.933514e-03,6.164569e-04
304.50,1.410118e+00,5.244328e-03,-4.965961e-03,6.226117e-04
305.00,1.419638e+00,5.269613e-03,-4.999291e-03,6.290351e-04
305.50,1.429442e+00,5.295391e-03,-5.033577e-03,6.357516e-04
306.00,1.439557e+00,5.321701e-03,-5.068900e-03,6.427888e-04
306.50,1.450012e+00,5.348591e-03,-5.105350e-03,6.501774e-04
307.00,1.460840e+00,5.376110e-03,-5.143028e-03,6.579524e-04
307.50,1.472077e+00,5.404316e-03,-5.182047e-03,6.661530e-04
308.00,1.483767e+00,5.433271e-03,-5.222537e-03,6.748238e-04
308.50,1.495956e+00,5.463048e-03,-5.264639e-03,6.840155e-04
309.00,1.508702e+00,5.493724e-03,-5.308517e-03,6.937858e-04
309.50,1.522068e+00,5.525390e-03,-5.354353e-03,7.042005e-04
310.00,1.536126e+00,5.558144e-03,-5.402355e-03,7.153351e-04
310.50,1.550963e+00,5.592098e-03,-5.452757e-03,7.272764e-04
311.00,1.566678e+00,5.627376e-03,-5.505824e-03,7.401242e-04
311.50,1.583386e+00,5.664115e-03,-5.561858e-03,7.539941e-04
312.00,1.601223e+00,5.702469e-03,-5.621198e-03,7.690196e-04
312.50,1.620349e+00,5.742602e-03,-5.684227e-03,7.853559e-04
313.00,1.640954e+00,5.784695e-03,-5.751375e-03,8.031833e-04
313.50,1.663262e+00,5.828934e-03,-5.823119e-03,8.227115e-04
314.00,1.687543e+00,5.875504e-03,-5.899979e-03,8.441843e-04
314.50,1.714121e+00,5.924576e-03,-5.982514e-03,8.678841e-04
315.00,1.743384e+00,5.976269e-03,-6.071293e-03,8.941364e-04
315.50,1.775808e+00,6.030603e-03,-6.166853e-03,9.233111e-04
316.00,1.811972e+00,6.087394e-03,-6.269612e-03,9.558188e-04
316.50,1.852591e+00,6.146080e-03,-6.379719e-03,9.920947e-04
317.00,1.898565e+00,6.205405e-03,-6.496786e-03,1.032555e-03
317.50,1.951055e+00,6.262855e-03,-6.619440e-03,1.077497e-03
318.00,2.011642e+00,6.313668e-03,-6.744623e-03,1.126892e-03
318.50,2.082668e+00,6.349248e-03,-6.866656e-03,1.179945e-03
319.00,2.168059e+00,6.355035e-03,-6.976567e-03,1.234275e-03
319.50,2.275250e+00,6.309366e-03,-7.063950e-03,1.284588e-03
320.00,2.419093e+00,6.188416e-03,-7.128204e-03,1.321638e-03
320.50,2.626412e+00,5.982116e-03,-7.211720e-03,1.336003e-03
321.00,2.931130e+00,5.689287e-03,-7.450702e-03,1.336244e-03
321.50,3.354177e+00,5.221945e-03,-8.011953e-03,1.354555e-03
322.00,3.956708e+00,4.488149e-03,-8.879051e-03,1.343469e-03
322.50,4.846765e+00,3.381680e-03,-9.856364e-03,1.168822e-03
323.00,6.167391e+00,1.789618e-03,-1.078906e-02,6.698942e-04
323.50,8.137835e+00,-1.371708e-04,-1.163198e-02,-3.771262e-04
324.00,1.099877e+01,-1.648641e-03,-1.246771e-02,-2.226331e-03
324.50,1.463588e+01,-1.371257e-03,-1.351500e-02,-4.829800e-03
325.00,1.786105e+01,1.417762e-03,-1.554828e-02,-7.031526e-03
325.50,1.685284e+01,-1.370043e-05,-1.461639e-02,-6.384748e-03
326.00,1.338173e+01,-1.828817e-03,-1.348782e-02,-3.803725e-03
326.50,1.004500e+01,-1.261304e-03,-1.282204e-02,-1.416866e-03
327.00,7.603031e+00,5.906684e-04,-1.231022e-02,1.333569e-04
327.50,5.965242e+00,2.526477e-03,-1.179747e-02,9.824834e-04
328.00,4.879151e+00,4.052622e-03,-1.125433e-02,1.392609e-03
328.50,4.145853e+00,5.116402e-03,-1.071068e-02,1.559106e-03
329.00,3.637120e+00,5.813308e-03,-1.019974e-02,1.599451e-03
329.50,3.274181e+00,6.254366e-03,-9.741011e-03,1.578463e-03
330.00,3.008557e+00,6.527278e-03,-9.341180e-03,1.530407e-03
330.50,2.809792e+00,6.692958e-03,-8.999032e-03,1.472874e-03
331.00,2.658234e+00,6.791433e-03,-8.709475e-03,1.414598e-03
331.50,2.540842e+00,6.848360e-03,-8.466024e-03,1.359669e-03
332.00,2.448727e+00,6.880002e-03,-8.262101e-03,1.309780e-03
332.50,2.375676e+00,6.896615e-03,-8.091633e-03,1.265403e-03
333.00,2.317245e+00,6.904641e-03,-7.949253e-03,1.226411e-03
333.50,2.270188e+00,6.908081e-03,-7.830315e-03,1.192399e-03
334.00,2.232099e+00,6.909357e-03,-7.730852e-03,1.162851e-03
334.50,2.201189e+00,6.909880e-03,-7.647577e-03,1.137214e-03
335.00,2.176180e+00,6.910497e-03,-7.578061e-03,1.114959e-03
335.50,2.156252e+00,6.911931e-03,-7.521195e-03,1.095674e-03
336.00,2.140922e+00,6.914886e-03,-7.477614e-03,1.079247e-03
336.50,2.129721e+00,6.919496e-03,-7.448458e-03,1.065826e-03
337.00,2.122133e+00,6.925850e-03,-7.432408e-03,1.055098e-03
337.50,2.117537e+00,6.933919e-03,-7.425784e-03,1.046338e-03
338.00,2.115256e+00,6.943278e-03,-7.425452e-03,1.039097e-03
338.50,2.114788e+00,6.953740e-03,-7.429768e-03,1.033191e-03
339.00,2.115825e+00,6.965362e-03,-7.438026e-03,1.028523e-03
339.50,2.118183e+00,6.978242e-03,-7.449925e-03,1.025015e-03
340.00,2.121734e+00,6.992428e-03,-7.465286e-03,1.022586e-03
340.50,2.126386e+00,7.007916e-03,-7.483967e-03,1.021161e-03
341.00,2.132060e+00,7.024668e-03,-7.505827e-03,1.020665e-03
341.50,2.138694e+00,7.042633e-03,-7.530733e-03,1.021035e-03
342.00,2.146231e+00,7.061751e-03,-7.558559e-03,1.022212e-03
342.50,2.154624e+00,7.081969e-03,-7.589193e-03,1.024149e-03
343.00,2.163835e+00,7.103235e-03,-7.622536e-03,1.026802e-03
343.50,2.173831e+00,7.125507e-03,-7.658506e-03,1.030137e-03
344.00,2.184588e+00,7.148747e-03,-7.697038e-03,1.034125e-03
344.50,2.196085e+00,7.172925e-03,-7.738082e-03,1.038740e-03
345.00,2.208308e+00,7.198016e-03,-7.781603e-03,1.043966e-03
345.50,2.221249e+00,7.224001e-03,-7.827582e-03,1.049788e-03
346.00,2.234904e+00,7.250868e-03,-7.876015e-03,1.056196e-03
346.50,2.249273e+00,7.278608e-03,-7.926911e-03,1.063183e-03
347.00,2.264360e+00,7.307218e-03,-7.980294e-03,1.070749e-03
347.50,2.280176e+00,7.336700e-03,-8.036200e-03,1.078895e-03
348.00,2.296734e+00,7.367060e-03,-8.094679e-03,1.087625e-03
348.50,2.314050e+00,7.398308e-03,-8.155796e-03,1.096947e-03
349.00,2.332148e+00,7.430460e-03,-8.219628e-03,1.106874e-03
349.50,2.351052e+00,7.463533e-03,-8.286268e-03,1.117419e-03
350.00,2.370793e+00,7.497553e-03,-8.355821e-03,1.128602e-03
